$ANSIBLE_VAULT;1.1;AES256
64363261306663346634323766343035666262363034346431313732396261313063646133636666
6439386337656434356463626338633236653736346332610a616564333633326430623864333430
61303061316634366631653135633766373861386235346534376636643862353763303331633361
3861353134336633380a343366333062323965383163653031653566623033326137663735373738
32386238373635633862306630326436376132383132623666376162646639326366313962303931
62653933343432313466636135663232313137356530323037363537663865326565366437373235
32656538326462343061623539663538346636303064333237633465336234356166383830376437
62346137393963623363323466393630393163383435663332613363666136623638363063663138
31633232386463353530333835346435376561633137646234316165643534636234646633646163
37653834353234313933373537366261363564616335333261623633373065333639376431343964
32613635313562626138633131366438336464326332393331623430353937323533376265353936
63643265356135633739646532363537623631306133666361656333663735383563363439356663
37326164623462626366343363623464383262633663626163333439656463376431623064396536
66386132306534653131316363333633616364386134636438376537363639656661363264323462
35393035666432616332333438313631313264336561666434656637323335366231623666386666
66666563363634623765653233363533626336346266313862303537363030636335353632373337
37636139363431393630666335636265373861393631616437313532346435316362613234353232
35356432623162336632396236653434303232323966653836303638306261343966643565363834
38343766326138663261643534313662623362346263396439373933373837393436366534393964
64303633343632346630353633363265353561393162343433323665313635623037663839313465
39373237373939663934633535323837613462643434666539633461616461353536326633303763
38646137373763303436663633363339613530373038336138626338656261353564343930333066
35393965396363646533663532346439616364353435633164643065666431616234393631643837
33623866303337336664656636393730393839373336613338386232336536393230383438623833
63613533376563313765616432396531643834613165373837363538336262323961373165316633
35363332666139613932363363363765313733633132373163366239333939323964353666643965
36626538376636623162396335656433383234363739363937653365313838316238323736623334
31393665316262323465
